1
1
1
1
1
1
1
1
1
1
1
1
1
1
1
1
1
1
1
1
1
1
1
1
1
1
1
1
1
1
1
1
1
1
1
1
1
1
1
1
1
1
1
1
1
1
1
1
1
1
1
1
1
1
1
1
1
1
1
1
1
1
1
1
1
1
1
1
1
1
1
1
1
1
1
201305050915340300
201305050917320300
201305050917340300
201305050930110300
201305050931330300
201305050946480300
201305050948090300
201305050953560300
201305050957030300
201305051016300300
201305051018100300
201305051018510300
201305051020200300
201305051021220300
201305051021350300
201305051021370300
201305051027540300
201305051035310300
201305051036030300
201305051037280300
201305051048580300
201305051051390300
201305051053320300
201305051054290300
201305051054560300
201305051055300300
201305051055490300
201305051056380300
201305051057020300
201305051057040300
201305051057410300
201305051058160300
201305051058180300
